
alpha-matched, adjusted accuracy pooled over doses 16, 32, 64, 128
block  concept   random    noise  dropout      gap
    0    0.591    0.480    0.648    0.586    0.020
    1    0.740    0.508    0.653    0.675    0.128
    2    0.770    0.565    0.714    0.666    0.121
    3    0.704    0.606    0.750    0.675    0.027
    4    0.703    0.661    0.672    0.681    0.032
    5    0.734    0.700    0.680    0.713    0.036
    6    0.709    0.684    0.611    0.637    0.065
    7    0.684    0.569    0.631    0.622    0.076
    8    0.691    0.611    0.659    0.666    0.046
    9    0.762    0.703    0.716    0.675    0.064
   10    0.780    0.591    0.656    0.637    0.152
   11    0.803    0.569    0.625    0.577    0.213
   12    0.714    0.658    0.617    0.594    0.091
   13    0.766    0.554    0.573    0.527    0.215
   14    0.494    0.477    0.495    0.491    0.006
   15    0.512    0.481    0.486    0.475    0.031
   16    0.488    0.482    0.459    0.466    0.019
   17    0.569    0.543    0.495    0.514    0.051
   18    0.498    0.508    0.503    0.498   -0.006
   19    0.480    0.512    0.503    0.541   -0.038
   20    0.495    0.475    0.500    0.467    0.014
   21    0.491    0.480    0.489    0.512   -0.003
   22    0.482    0.499    0.514    0.534   -0.034
   23    0.484    0.555    0.495    0.525   -0.041
   24    0.487    0.502    0.539    0.514   -0.032
   25    0.490    0.491    0.497    0.509   -0.009
   26    0.506    0.528    0.531    0.530   -0.023
   27    0.517    0.507    0.516    0.498    0.010
   28    0.513    0.525    0.531    0.519   -0.012
   29    0.497    0.502    0.512    0.511   -0.012
   30    0.511    0.501    0.509    0.503    0.006
   31      n/a    0.500    0.500    0.500      n/a

z-matched, adjusted accuracy pooled over doses 2.56, 5.12, 10.24, 20.48
block  concept   random    noise  dropout      gap
    0    0.725    0.569    0.519    0.514    0.191
    1    0.770    0.542    0.705    0.680    0.128
    2    0.763    0.640    0.750    0.744    0.052
    3    0.723    0.658    0.781    0.722    0.003
    4    0.780    0.681    0.698    0.717    0.082
    5    0.751    0.734    0.716    0.758    0.015
    6    0.784    0.713    0.644    0.666    0.110
    7    0.758    0.534    0.623    0.630    0.162
    8    0.795    0.675    0.583    0.664    0.154
    9    0.839    0.789    0.697    0.748    0.094
   10    0.826    0.575    0.681    0.689    0.177
   11    0.826    0.650    0.631    0.594    0.201
   12    0.779    0.620    0.572    0.586    0.186
   13    0.806    0.634    0.588    0.589    0.203
   14    0.507    0.474    0.472    0.469    0.036
   15    0.471    0.522    0.473    0.517   -0.033
   16    0.505    0.464    0.455    0.459    0.045
   17    0.516    0.496    0.528    0.487    0.012
   18    0.521    0.495    0.509    0.509    0.017
   19    0.479    0.528    0.502    0.511   -0.035
   20    0.477    0.482    0.492    0.477   -0.007
   21    0.502    0.492    0.495    0.498    0.006
   22    0.509    0.495    0.492    0.503    0.013
   23    0.493    0.545    0.516    0.528   -0.037
   24    0.505    0.495    0.508    0.486    0.009
   25    0.505    0.485    0.506    0.498    0.009
   26    0.518    0.507    0.512    0.508    0.009
   27    0.516    0.522    0.517    0.509    0.000
   28    0.520    0.514    0.505    0.498    0.015
   29    0.494    0.500    0.511    0.537   -0.022
   30    0.493    0.503    0.494    0.506   -0.008
   31      n/a    0.500    0.500    0.500      n/a
