
alpha-matched, classification accuracy, minus sham, pooled over doses 16, 32, 64, 128
block   concept    random     noise   dropout       gap
    0    -0.336    -0.363    -0.323    -0.273    -0.016
    1    -0.300    -0.297    -0.298    -0.299    -0.002
    2    -0.294    -0.292    -0.312    -0.316     0.013
    3    -0.314    -0.296    -0.311    -0.297    -0.013
    4    -0.281    -0.294    -0.315    -0.314     0.026
    5    -0.319    -0.290    -0.306    -0.304    -0.019
    6    -0.298    -0.255    -0.288    -0.283    -0.023
    7    -0.272    -0.261    -0.231    -0.245    -0.026
    8    -0.295    -0.144    -0.157    -0.152    -0.144
    9    -0.298    -0.144    -0.079    -0.080    -0.197
   10    -0.103    -0.081    -0.038    -0.031    -0.053
   11    -0.109    -0.010    -0.019    -0.032    -0.089
   12    -0.119    -0.033     0.000    -0.004    -0.106
   13    -0.066     0.024     0.013     0.002    -0.079
   14    -0.017     0.002     0.021     0.025    -0.033
   15    -0.083     0.014     0.017     0.014    -0.098
   16     0.000     0.001     0.006     0.013    -0.006
   17    -0.050    -0.001     0.003    -0.001    -0.050
   18    -0.003     0.010     0.002     0.003    -0.008
   19     0.002     0.014     0.006     0.007    -0.007
   20     0.005     0.004     0.005     0.016    -0.004
   21     0.011     0.004     0.004     0.002     0.008
   22     0.000     0.005     0.007     0.001    -0.004
   23     0.006     0.009     0.007     0.012    -0.003
   24     0.009     0.009     0.009     0.007     0.001
   25     0.006     0.015     0.008     0.007    -0.004
   26     0.006     0.009     0.005     0.007    -0.001
   27     0.005     0.006     0.008     0.002    -0.001
   28    -0.002     0.006     0.002     0.006    -0.006
   29     0.003     0.008     0.003     0.005    -0.002
   30     0.009     0.007     0.002     0.005     0.005

alpha-matched, margin of the correct letter, minus sham (logits), pooled over doses 16, 32, 64, 128
block   concept    random     noise   dropout       gap
    0    -2.813    -2.924    -2.844    -2.731     0.020
    1    -2.944    -2.801    -2.841    -2.779    -0.137
    2    -2.865    -2.708    -2.756    -2.827    -0.101
    3    -2.716    -2.716    -2.672    -2.799     0.013
    4    -2.490    -2.652    -2.560    -2.714     0.152
    5    -2.556    -2.596    -2.545    -2.518    -0.003
    6    -2.620    -2.314    -2.421    -2.462    -0.221
    7    -2.485    -2.182    -2.156    -2.161    -0.318
    8    -2.072    -1.763    -1.732    -1.753    -0.323
    9    -1.862    -1.623    -1.308    -1.397    -0.420
   10    -1.390    -1.373    -0.678    -0.953    -0.388
   11    -1.119    -0.907    -0.573    -0.823    -0.352
   12    -1.333    -0.335    -0.478    -0.811    -0.792
   13    -1.237    -0.266    -0.452    -0.760    -0.744
   14    -1.075    -0.317    -0.380    -0.561    -0.656
   15    -0.712     0.153    -0.245    -0.421    -0.541
   16    -0.469     0.102    -0.088    -0.107    -0.438
   17    -0.273     0.195     0.032     0.100    -0.382
   18     0.012     0.234     0.089     0.185    -0.157
   19     0.041     0.145     0.163     0.270    -0.151
   20     0.114     0.288     0.145     0.242    -0.111
   21     0.172     0.143     0.223     0.377    -0.076
   22     0.348     0.104     0.210     0.370     0.120
   23     0.360     0.367     0.160     0.320     0.078
   24     0.292     0.057     0.155     0.327     0.112
   25     0.448     0.080     0.152     0.330     0.261
   26     0.294     0.189     0.141     0.250     0.100
   27     0.218     0.178     0.121     0.211     0.049
   28     0.169     0.144     0.120     0.230     0.005
   29     0.099     0.004     0.085     0.166     0.015
   30     0.011     0.020     0.011     0.021    -0.007

z-matched, classification accuracy, minus sham, pooled over doses 2.56, 5.12, 10.24, 20.48
block   concept    random     noise   dropout       gap
    0    -0.327    -0.028    -0.004     0.012    -0.320
    1    -0.283    -0.250    -0.263    -0.295    -0.014
    2    -0.333    -0.294    -0.266    -0.282    -0.052
    3    -0.287    -0.282    -0.197    -0.287    -0.032
    4    -0.309    -0.151    -0.186    -0.250    -0.114
    5    -0.302    -0.156    -0.153    -0.230    -0.122
    6    -0.348    -0.178    -0.166    -0.185    -0.172
    7    -0.311    -0.228    -0.109    -0.191    -0.135
    8    -0.289    -0.043    -0.083    -0.091    -0.217
    9    -0.284    -0.105    -0.045    -0.055    -0.216
   10    -0.084    -0.079    -0.027    -0.027    -0.040
   11    -0.163    -0.007    -0.006    -0.001    -0.158
   12    -0.125    -0.023     0.002     0.007    -0.120
   13    -0.155     0.011     0.007     0.007    -0.163
   14    -0.144     0.013     0.016     0.023    -0.161
   15    -0.194     0.007     0.013     0.006    -0.203
   16    -0.080     0.008     0.008     0.005    -0.087
   17    -0.061     0.004     0.006     0.005    -0.066
   18    -0.014     0.004     0.005     0.006    -0.019
   19    -0.013     0.006     0.005     0.007    -0.018
   20    -0.041     0.004     0.005     0.005    -0.045
   21     0.005     0.005     0.004     0.003     0.001
   22     0.000     0.003     0.005     0.004    -0.004
   23     0.003     0.008     0.008     0.005    -0.004
   24     0.013     0.007     0.008     0.004     0.006
   25     0.000     0.008     0.007     0.011    -0.009
   26    -0.002     0.008     0.009     0.005    -0.009
   27     0.005     0.005     0.003     0.008    -0.001
   28     0.002     0.005     0.006     0.005    -0.004
   29     0.006     0.005     0.004     0.003     0.002
   30     0.006     0.003     0.005     0.005     0.002

z-matched, margin of the correct letter, minus sham (logits), pooled over doses 2.56, 5.12, 10.24, 20.48
block   concept    random     noise   dropout       gap
    0    -2.916    -0.528    -0.332    -0.139    -2.583
    1    -3.046    -2.404    -2.668    -2.812    -0.418
    2    -2.902    -2.752    -2.532    -2.738    -0.228
    3    -2.817    -2.680    -2.267    -2.679    -0.275
    4    -2.622    -1.670    -2.039    -2.351    -0.602
    5    -2.571    -1.626    -1.951    -2.269    -0.622
    6    -2.738    -1.674    -1.754    -1.856    -0.977
    7    -2.610    -1.977    -1.405    -1.964    -0.828
    8    -2.007    -0.601    -1.046    -1.163    -1.070
    9    -1.848    -1.262    -0.831    -1.060    -0.797
   10    -1.407    -1.241    -0.471    -0.532    -0.659
   11    -1.342    -0.268    -0.315    -0.379    -1.021
   12    -1.500    -0.294    -0.290    -0.523    -1.131
   13    -1.503    -0.210    -0.230    -0.379    -1.230
   14    -1.334    -0.148    -0.186    -0.349    -1.106
   15    -1.134     0.023    -0.123    -0.255    -1.016
   16    -0.934    -0.022    -0.037    -0.084    -0.887
   17    -0.843    -0.001     0.016    -0.015    -0.843
   18    -0.485     0.010     0.033     0.020    -0.506
   19    -0.507     0.091     0.060     0.049    -0.574
   20    -0.198     0.023     0.052     0.012    -0.227
   21    -0.018     0.005     0.071     0.110    -0.080
   22     0.327     0.084     0.072     0.114     0.237
   23     0.364     0.230     0.048     0.187     0.209
   24     0.361     0.021     0.055     0.035     0.324
   25     0.712    -0.008     0.059     0.082     0.667
   26     0.471     0.037     0.047     0.116     0.404
   27     0.192     0.049     0.036     0.067     0.142
   28     0.261     0.048     0.046     0.040     0.217
   29     0.139     0.001     0.026     0.101     0.097
   30    -0.035     0.003     0.008     0.012    -0.043
